295656
296439
296445
296705
296797
297837
297889
297954
298476
300533
300536
300766
300936
301105
301719
301739
302947
303484
303504
303616
303729
304866
305259
305341
305353
305527
305885
305984
306028
306044
307049
307723
307750
307875
308642
308971
310320
313193
313485
314603
315398
316898
318513
320605
320606
320607
320608
320712
320714
320727
320731
320736
320743
320744
320745
320746
320748
320749
320750
320751
320752
320753
320754
320788
320856
320857
320878
320879
320893
320913
320915
320916
320920
320921
320922
320925
320935
320942
320963
320966
321222
321225
321227
321240
321251
321253
321254
321255
321256
321264
321267
321269
321270
321271
321272
321273
321279
321281
321282
321285
321286
321287
321291
321297
321298
321308
321447
321455
321625
321631
321644
321699
321704
321786
321831
321854
321856
321933
322026
322027
322031
322054
322066
322067
322084
322085
322086
322087
322091
322092
322124
322125
322126
322127
322129
322130
322131
322132
322133
322136
322137
322138
322142
322143
322156
322170
322173
322266
322267
322272
322297
322299
322305
322306
322309
322310
322311
322312
322313
322314
322316
322333
322334
322335
322337
322350
322361
322383
322386
322400
322401
322402
322407
322435
322496
322498
322665
322666
322668
322796
322797
322809
322810
322811
322812
322813
322825
322826
322827
322828
322829
322831
322833
322835
322836
322839
322851
322879
322889
322901
322902
322905
322912
322915
322916
322921
322923
322925
322935
322936
322946
322957
322959
322962
322963
322970
322986
322990
322997
322998
322999
323002
323003
323005
323007
323015
323016
323018
323019
323021
323025
323026
323027
323028
323032
323034
323044
323048
323049
323051
323055
323057
323064
323077
323079
323080
323082
323085
323086
323087
323088
323103
323104
323106
323108
323109
323119
323120
323122
323127
323137
323138
323142
323145
323146
323148
323153
323155
323156
323167
323168
323173
323176
323370
323372
323781
323783
323788
323931
324014
324031
324520
324667
326652
326828
327263
327378
327599
327749
328085
328131
328135
328194
328330
328960
328982
329057
329125
329147
329526
329538
329633
330470
330735
330923
331022
331024
331075
331080
331103
332057
332253
332254
332386
332495
332617
332723
333185
334097
334137
334151
334247
334425
334638
334900
334945
334960
334975
335031
335356
335483
335486
336972
337825
338118
338141
339092
339169
339474
339495
339919
341093
341981
342158
344094
344177
346218
346219
346220
346222
346226
346227
346228
346229
346230
346231
346232
346233
346234
346235
346240
346241
346242
346243
347056
347058
347061
347065
347958
349215
349266
349299
349469
350234
351716
351717
352441
352499
354937
356850
356868
356871
356902
356910
356917
356918
356921
357207
357425
357441
357442
357443
357444
357445
357451
357459
357473
357526
357527
357528
357529
359227
359229
359233
359237
359261
359262
359281
359283
359286
361513
363587
363588
363591
363623
363624
363625
363627
367596
367615
368030
368753
369297
371510
371511
371532
371536
371537
373786
373810
373847
373848
373946
373954
373962
373963
373964
374012
374060
374102
374209
374219
374293
374628
374630
374652
374753
374829
374925
375006
375012
375017
375019
375029
375030
375031
375032
375033
375034
375035
375041
375048
375095
375099
375100
375101
375510
375538
375542
377200
377931
378129
378130
378908
378912
378913
378917
378918
378919
379673
379771
387337
387361
400875
427690
427691
429550
429752
429792
429811
430389
437136
438365
438424
438425
438426
438427
438428
438429
438432
438433
438434
438435
438489
438499
438506
438509
438513
438514
438516
438517
438518
438521
438523
438524
438525
438526
438527
438529
438531
438537
438539
438542
438543
438544
438546
438549
438555
438556
438557
438558
438559
438560
438561
438562
438563
438564
438565
438566
438567
438568
438569
438570
438572
438574
438575
438576
438577
438579
438580
438582
438584
438585
438586
438587
438588
438606
438607
438608
438609
438611
438612
438613
438614
438615
438616
438617
438618
438620
438621
438622
438623
438624
438625
438626
438627
438630
438631
438632
438633
438634
438635
438636
438637
438638
438639
438640
438641
438643
438646
438647
438650
438652
438653
438655
438657
438660
438661
438662
438664
438665
438666
438670
438676
438680
438684
438685
438689
438692
438695
438696
438699
438701
438702
438705
438707
438708
438709
438714
438716
438719
438720
438735
438739
438741
438742
438745
438748
438749
438751
438753
438756
438759
438766
438769
438772
438773
438778
438781
438782
438783
438795
438802
438806
438807
438819
438821
438822
438823
438827
438828
438829
438830
438831
438832
438833
438838
438841
438848
438851
438865
438873
438879
438880
438881
438882
438883
438884
438885
438886
438887
438888
438889
438890
438892
438893
438894
438895
438898
438905
438907
438908
438909
438911
438912
438914
438915
438924
438931
438933
438934
438936
438937
438938
441387
443034
444569
444857
445102
445179
445294
445682
445710
445731
445734
445735
445739
445740
445741
445746
445830
445878
446325
446710
447324
447375
449020
449195
449282
449287
449329
449331
449384
449398
449411
449414
449416
449420
449421
449422
449425
449465
449477
449480
449489
449542
449553
449602
449625
449636
449663
449690
449692
449694
449696
449725
449825
449826
449830
449855
449865
449866
449867
449904
449935
449955
449987
449988
449991
450076
450077
450078
450079
450082
450087
450088
450089
450090
450091
450092
450093
450094
450095
450096
450097
450098
450099
450100
450101
450102
450103
450104
450105
450106
450107
450108
450109
450110
450111
450112
450113
450114
450115
450116
450117
450118
450119
450120
450121
450122
450123
450124
450125
450126
450127
450128
450129
450130
450681
451004
451059
451116
451816
451929
452144
452567
453045
453143
453160
453178
453263
453480
453504
453505
453506
453507
453508
455117
455341
455672
455907
456288
456872
456936
458657
458783
459136
459861
460959
461443
461727
461874
461977
465658
469502
471650
471652
471711
471729
471785
472213
472701
473103
475626
475999
477252
477499
478253
478254
478255
478680
478766
478767
478769
478773
478809
479475
479966
480026
480178
480427
480441
480460
480465
480470
480559
480687
480902
481856
481942
481999
482059
482144
482145
482150
482176
482178
482301
482306
482328
482426
482431
482446
482531
482542
482578
482579
482715
482761
482771
483041
483102
483186
483215
483227
483228
483231
483233
483234
483236
483238
483241
483248
483257
483275
483504
483520
483593
483597
483642
483712
483713
483714
483716
483717
483718
483722
483723
483769
483853
483965
483970
483977
483978
484078
484086
484093
484094
484178
484402
484484
484485
484631
484641
485515
485521
485899
485903
485908
485939
485953
486202
486210
486224
486225
486279
486281
486307
486460
486638
486693
486695
486748
486766
486888
486904
486930
486932
486936
486938
486943
487092
487133
487240
487241
487273
487302
487306
487307
487308
487309
487320
487322
487323
487355
487359
487417
487477
487493
487586
487598
487607
487636
487682
487701
487718
487731
487732
487735
487738
487739
487742
487745
487752
487754
487775
487776
487778
487782
487783
487784
487785
487791
487813
487814
487822
487836
487837
487864
487866
487867
487893
487894
487896
487897
487904
487917
487928
487929
487931
487943
487947
487952
487972
487974
487975
487991
487992
488040
488044
488055
488164
488184
488186
488188
488191
488196
488222
488227
488228
488230
488231
488237
488240
488242
488243
488244
488245
488246
488247
488248
488249
488250
488253
488254
488255
488677
488688
488690
488702
488704
488705
488706
488708
488709
488711
488712
488713
488716
488719
488870
490588
490684
490710
490787
490789
490790
490792
490793
490794
490797
490800
490806
490907
490925
491034
491532
491533
491536
491538
491539
491540
491541
491556
491557
491558
491559
491615
491778
491780
491800
491801
491802
491803
491804
491805
491806
491807
491808
491809
491810
491811
491812
491813
491814
491816
491817
491818
491819
491821
491822
491823
491824
491825
491826
491827
491828
491829
491830
491843
491846
491847
491848
491849
491850
491851
491852
491853
491854
491855
491856
491857
491858
491859
491860
491861
491862
491863
491864
491865
491866
491867
491868
491869
491870
491871
491872
491873
491874
491875
491876
491877
491878
491879
491880
491881
491883
491884
491885
491887
491888
491889
491890
491891
491892
491893
491894
491895
491896
491897
491898
491899
491900
491901
491902
491903
491904
491905
491906
491909
491910
491911
491912
491913
491914
491915
491916
491917
491918
491919
491920
491921
491922
491923
491924
491925
491926
491927
491928
491929
491930
491931
491932
491933
491934
491935
491936
491937
491938
491939
491940
491941
491942
491943
491944
491945
491946
491947
491948
491949
491950
491951
491952
491953
491954
491955
491956
491959
491960
491961
491962
491963
491964
491965
491966
491967
491968
491969
491970
491971
491972
491973
491974
491975
491976
491977
491978
491979
491980
491981
491982
491983
491984
491985
491986
491987
491988
491991
492617
492627
494212
500341
510414
510436
510438
510439
510449
510452
510826
510829
