357442
322831
449696
438435
486748
449416
482761
487837
438632
322129
450130
438575
486930
483722
491874
483642
491559
349299
374628
491911
487917
480902
491929
483712
491854
375032
322668
323027
438879
451004
305341
438652
480026
491984
480465
323051
320744
314603
483977
491539
483714
296439
491905
320745
438524
322306
322156
347958
438655
438719
320942
438914
322267
484485
323173
483713
438884
323788
438624
479475
491869
491857
307750
323176
482426
301739
323370
373954
483231
483041
321225
322086
322997
451059
339495
357473
487791
449991
491955
487897
491963
490907
373847
486281
483970
438887
486638
487738
351717
486224
322498
491801
371532
490787
326828
445710
491881
438662
438641
438542
487931
375100
479966
323156
307875
321455
486460
450076
491884
438639
491823
438618
487864
335483
491942
334151
332253
450097
438531
481942
491821
322836
438568
500341
357444
320754
491954
438650
449866
321854
375017
438513
346235
450115
482328
449865
438772
335356
487607
491985
487133
438689
323103
329125
323153
322124
438612
450077
357425
321704
356868
438616
491912
450087
491916
491868
323007
313193
453045
487894
491941
491827
350234
447324
323372
323931
438742
491904
438433
323021
488709
472213
488716
321271
346241
438567
359286
480441
323168
375033
450090
321253
305527
438886
488240
356902
478809
438680
335031
491898
450102
450104
480427
491818
359237
456872
438587
478255
487928
510436
491862
298476
356871
344094
438434
451116
491983
371510
487308
322957
305259
323146
375006
450117
438714
346240
303616
483236
438509
490588
438432
322811
453143
449020
322889
482059
483248
322272
491558
461874
488237
438735
487943
491879
322400
313485
449195
491991
375510
363624
461977
329057
486904
322959
450101
373962
483716
332254
306044
488702
482446
320714
450089
491780
438783
321281
438657
492627
322921
307723
491825
297954
491804
321285
491855
491956
445741
378918
322297
438556
322085
322912
322435
484178
438572
451816
449489
438701
438702
488249
322170
323108
327749
320915
303484
322839
429792
387361
375095
322999
322312
438893
473103
438827
438621
491982
363625
375035
487598
445740
438905
487784
373964
491932
482306
321308
320893
438630
491914
438828
322916
322386
332386
334097
346243
491883
375542
487867
491917
377931
484641
322132
487682
478254
491940
491962
487586
373786
363627
322962
487320
323142
438912
483238
438720
323028
444569
321279
486888
491971
491910
488228
471729
363591
480460
488231
445294
307049
429811
450110
321256
327378
483233
491860
491903
438582
322314
449420
346230
487273
321264
461727
320746
322131
324031
487307
359229
480559
322665
458783
488705
387337
491902
438684
320753
450122
438830
438564
491960
486938
487092
323120
449830
438892
438749
449422
491919
438782
449904
334945
450098
322986
450108
438831
483718
491802
438516
491778
449425
480178
487974
482531
491830
449825
427690
450091
449867
322935
300536
322316
438617
438898
323032
491961
488186
445878
487904
438537
483215
357441
482771
491937
357459
482579
322350
488191
321273
488719
346220
491856
487732
321298
477499
438841
322173
371536
349215
332057
483769
488254
490794
491538
491843
322407
445102
300936
322496
458657
322827
322337
438756
371537
491819
438424
491935
359283
323055
363587
491891
359233
487477
488044
323137
351716
323019
477252
320712
491978
352441
450096
450119
334137
323167
329526
449411
438525
322142
321447
323082
320752
327599
438685
320788
488242
491972
491976
438626
438911
482542
491918
326652
438781
491896
321272
491943
450099
374219
341981
339474
480687
322138
322666
320608
367615
486279
487493
322833
347058
438615
438636
488227
322310
323079
487785
450100
487417
488713
487241
491533
322087
491953
487754
320857
488245
486210
322334
322796
438908
491817
438523
445731
438848
323138
320922
323077
491863
487323
304866
453505
491851
322809
438660
453506
323104
491974
438676
510829
449826
347065
438428
438766
375538
328085
438741
346218
438549
487952
485908
491813
482301
320878
491878
483520
450103
378917
331022
491810
449690
491864
453507
449602
323018
341093
487701
491925
488246
491966
323148
334638
320879
438907
367596
453178
491806
491812
449414
491949
321297
478767
450088
349266
480470
491936
320605
486693
452567
322835
491894
491927
482176
438606
438634
488255
486936
450079
438580
471650
491872
320606
491897
450125
487742
320856
438692
491867
449542
438643
438753
438865
377200
438885
322936
321282
438769
453263
438574
300766
438635
483102
324667
322133
297837
438614
491946
449663
460959
438527
450111
482144
510449
346231
483593
328330
488253
450118
491969
483717
483241
368030
438745
378913
491870
301105
438427
445739
400875
438759
491556
438588
438625
322901
352499
491924
491933
487718
450106
491871
335486
323048
438882
491846
323026
438365
438806
328131
328960
321267
378919
438807
328982
322299
357526
339919
374209
485515
483234
438708
450082
328135
491950
322127
491885
296445
485903
486695
322826
336972
488706
459861
491967
488247
449421
322309
438518
322970
327263
491808
478253
510438
371511
438526
438613
450128
359281
465658
320925
486307
438579
321933
491829
491980
323109
483853
322990
491938
491034
487893
437136
303504
487739
322143
346232
491913
482150
487752
438539
450105
459136
491901
483504
491928
449465
323122
438653
447375
323025
450121
324014
491532
438707
449694
445830
438638
438883
491892
490806
346227
369297
378908
322126
488196
487947
323781
483978
322812
297889
346219
491888
346226
438425
333185
375099
322963
491861
438544
449553
449636
323016
441387
296705
491824
320743
438832
487322
320920
357527
438889
453504
486766
323783
373963
363623
322810
438696
491977
359227
491852
375041
450095
487782
478769
488708
321631
491970
438873
491987
322902
323049
438577
354937
483965
456288
322383
322335
346233
375034
450681
438521
438822
438661
438608
486943
322091
484484
438489
488184
450092
374102
450116
491557
310320
488164
301719
449725
488248
438819
491948
321831
445735
491988
324520
323155
322136
357529
374829
438529
438640
338118
338141
438924
492617
484402
449398
427691
491822
453160
491931
323127
491876
334900
438695
438937
438633
449692
438623
478773
322797
488711
332617
321699
482178
330470
444857
438938
305353
438909
438562
491814
487836
491890
491920
438555
486202
373810
481999
438829
491536
491979
491541
491973
438622
445746
346222
438931
374925
379673
491921
303729
494212
487992
471711
323119
455907
438429
375031
322905
438563
339169
450113
491965
320736
488230
323064
475999
438773
450094
491859
487355
322311
453480
491930
323086
321255
346229
456936
438586
320607
491981
331024
438933
347061
484093
438821
373848
315398
438514
449282
322313
450114
438670
482145
487783
450078
438647
322879
491803
491847
322825
321786
486225
322027
471785
323034
488250
316898
331103
374753
334960
438888
451929
438585
438666
491858
491944
334975
510826
322266
491915
438646
320748
461443
491875
320921
357443
449329
491893
478680
320935
438748
363588
438705
438627
438881
438543
322925
487975
438620
483227
438499
331075
485939
321644
330735
321227
491826
450120
491849
346242
438506
323106
438426
452144
306028
322402
450109
491850
328194
491922
485899
356918
487636
320731
491615
490925
438611
438751
329538
484086
323145
331080
438607
490797
334247
483275
320749
329147
322813
491899
357445
438838
491887
491895
430389
323080
375030
491800
450107
321270
490793
438716
322130
491906
438566
446325
322828
375019
374060
375101
488040
487814
487309
349469
321625
487745
438823
487240
322946
322067
483228
322026
342158
438631
472701
450124
487775
438584
295656
487778
296797
455341
321251
359261
483597
438778
446710
491873
438709
450127
491807
322829
322851
438561
320916
491828
488690
491952
322137
318513
449625
510414
469502
449955
483257
357528
323085
487735
488677
445179
374012
483186
322084
471652
487929
486932
449477
482578
320727
510439
438546
374293
491877
438637
438517
450112
359262
445734
491900
488688
491809
487359
321287
322125
490710
491865
344177
485953
438557
374652
491934
438739
438894
453508
487896
491540
323044
487972
483723
375048
438559
491951
487813
510452
438558
491926
438833
322915
491939
320913
438802
322401
322066
488712
490800
356917
374630
449935
490684
491889
438915
438569
445682
346228
487822
484631
491986
488222
368753
488870
323057
438795
322305
491909
378129
438936
449331
323003
438560
438699
487866
438880
323005
321240
334425
491866
300533
329633
488244
322054
438570
491923
450129
449287
323088
320963
438851
491848
429550
487731
438576
481856
484094
332723
438895
491945
339092
487991
361513
449855
308642
491853
320966
378912
491816
322923
449988
443034
321291
487302
356910
379771
322333
320751
491968
330923
491959
373946
491811
490792
488055
346234
491880
475626
438890
320750
323087
322361
491964
488188
308971
484078
487776
455672
450126
482715
322031
429752
488243
321269
356850
305885
378130
449987
375029
450093
490789
321254
321286
305984
482431
485521
323002
357207
438609
375012
302947
438665
337825
438934
487306
491975
347056
321222
438664
490790
332495
356921
491947
491805
357451
438565
455117
478766
321856
322998
322092
449384
323015
450123
488704
449480
